name: dnaapler
channels:
  - conda-forge
  - bioconda
  - defaults
dependencies:
  - _libgcc_mutex=0.1=conda_forge
  - _openmp_mutex=4.5=2_gnu
  - archspec=0.2.3=pyhd8ed1ab_0
  - biopython=1.84=py312h9a8786e_0
  - blast=2.16.0=h6f7f691_0
  - bzip2=1.0.8=h4bc722e_7
  - c-ares=1.32.3=h4bc722e_0
  - ca-certificates=2024.7.4=hbcca054_0
  - click=8.1.7=unix_pyh707e725_0
  - curl=8.9.1=h18eb788_0
  - dnaapler=0.8.0=pyhdfd78af_0
  - entrez-direct=22.4=he881be0_0
  - gettext=0.22.5=h59595ed_2
  - gettext-tools=0.22.5=h59595ed_2
  - keyutils=1.6.1=h166bdaf_0
  - krb5=1.21.3=h659f571_0
  - ld_impl_linux-64=2.40=hf3520f5_7
  - libasprintf=0.22.5=h661eb56_2
  - libasprintf-devel=0.22.5=h661eb56_2
  - libblas=3.9.0=23_linux64_openblas
  - libcblas=3.9.0=23_linux64_openblas
  - libcurl=8.9.1=hdb1bdb2_0
  - libedit=3.1.20191231=he28a2e2_2
  - libev=4.33=hd590300_2
  - libexpat=2.6.2=h59595ed_0
  - libffi=3.4.2=h7f98852_5
  - libgcc-ng=14.1.0=h77fa898_0
  - libgettextpo=0.22.5=h59595ed_2
  - libgettextpo-devel=0.22.5=h59595ed_2
  - libgfortran-ng=14.1.0=h69a702a_0
  - libgfortran5=14.1.0=hc5f4f2c_0
  - libgomp=14.1.0=h77fa898_0
  - libidn2=2.3.7=hd590300_0
  - liblapack=3.9.0=23_linux64_openblas
  - libnghttp2=1.58.0=h47da74e_1
  - libnsl=2.0.1=hd590300_0
  - libopenblas=0.3.27=pthreads_hac2b453_1
  - libsqlite=3.46.0=hde9e2c9_0
  - libssh2=1.11.0=h0841786_0
  - libstdcxx-ng=14.1.0=hc0a3c3a_0
  - libunistring=0.9.10=h7f98852_0
  - libuuid=2.38.1=h0b41bf4_0
  - libxcrypt=4.4.36=hd590300_1
  - libzlib=1.3.1=h4ab18f5_1
  - loguru=0.7.2=py312h7900ff3_1
  - ncbi-vdb=3.1.1=h4ac6f70_1
  - ncurses=6.5=h59595ed_0
  - numpy=2.0.1=py312h1103770_0
  - openssl=3.3.1=h4bc722e_2
  - pandas=2.2.2=py312h1d6d2e6_1
  - pcre=8.45=h9c3ff4c_0
  - perl=5.32.1=7_hd590300_perl5
  - perl-archive-tar=2.40=pl5321hdfd78af_0
  - perl-carp=1.50=pl5321hd8ed1ab_0
  - perl-common-sense=3.75=pl5321hd8ed1ab_0
  - perl-compress-raw-bzip2=2.201=pl5321h166bdaf_0
  - perl-compress-raw-zlib=2.202=pl5321h166bdaf_0
  - perl-encode=3.21=pl5321hd590300_0
  - perl-exporter=5.74=pl5321hd8ed1ab_0
  - perl-exporter-tiny=1.002002=pl5321hd8ed1ab_0
  - perl-extutils-makemaker=7.70=pl5321hd8ed1ab_0
  - perl-io-compress=2.201=pl5321hdbdd923_2
  - perl-io-zlib=1.14=pl5321hdfd78af_0
  - perl-json=4.10=pl5321hdfd78af_1
  - perl-json-xs=4.03=pl5321h4ac6f70_3
  - perl-list-moreutils=0.430=pl5321hdfd78af_0
  - perl-list-moreutils-xs=0.430=pl5321h031d066_2
  - perl-parent=0.241=pl5321hd8ed1ab_0
  - perl-pathtools=3.75=pl5321h166bdaf_0
  - perl-scalar-list-utils=1.63=pl5321h166bdaf_0
  - perl-storable=3.15=pl5321h166bdaf_0
  - perl-types-serialiser=1.01=pl5321hdfd78af_0
  - pip=24.2=pyhd8ed1ab_0
  - pyrodigal=3.5.1=py312hf67a6ed_1
  - python=3.12.4=h194c7f8_0_cpython
  - python-dateutil=2.9.0=pyhd8ed1ab_0
  - python-tzdata=2024.1=pyhd8ed1ab_0
  - python_abi=3.12=4_cp312
  - pytz=2024.1=pyhd8ed1ab_0
  - pyyaml=6.0.1=py312h98912ed_1
  - readline=8.2=h8228510_1
  - setuptools=72.1.0=pyhd8ed1ab_0
  - six=1.16.0=pyh6c4a22f_0
  - tk=8.6.13=noxft_h4845f30_101
  - tzdata=2024a=h0c530f3_0
  - wget=1.21.4=hda4d442_0
  - wheel=0.44.0=pyhd8ed1ab_0
  - xz=5.2.6=h166bdaf_0
  - yaml=0.2.5=h7f98852_2
  - zlib=1.3.1=h4ab18f5_1
  - zstd=1.5.6=ha6fb4c9_0
